0 1799 -0.000649955
1 1803 -0.00177869
2 1805 0.000959822
3 1806 0.00152309
4 1811 -0.00164592
5 1813 0.00026234
6 1814 -0.000853846
7 1817 -0.0020744
8 1818 -0.0076646
9 1820 0.000348886
10 1827 -0.00189951
11 1829 0.00239845
12 1830 0.00188143
13 1833 0.00291814
14 1834 -0.0020128
15 1836 0.000175921
16 1841 0.00496965
17 1842 0.00725769
18 1844 0.000318172
19 1848 0.000730857
20 1859 0.000131248
21 1861 6.59179e-05
22 1862 -0.00277173
23 1865 0.000169365
24 1866 -0.00799864
25 1868 0.00408947
26 1873 -0.000865759
27 1874 -0.0122034
28 1876 -0.00218457
29 1880 -0.0269038
30 1889 1.0985e-20
31 1890 -0.012244
32 1892 0.00419816
33 1896 -0.0138983
34 1904 0.0282696
35 1923 0.00052214
36 1925 0.00271366
37 1926 4.37772e-05
38 1929 0.00782499
39 1930 -0.000518165
40 1932 0.00475212
41 1937 0.00691837
42 1938 -0.00264713
43 1940 0.00112375
44 1944 -0.0189786
45 1953 0.010466
46 1954 -0.000148446
47 1956 0.00962334
48 1960 -0.000314583
49 1968 0.0288952
50 1985 0.000348886
51 1986 0.000172812
52 1988 -0.00467356
53 1992 -0.0123252
54 2000 -0.0251103
55 2016 -0.0279446
56 2823 -0.00177869
57 2827 -0.000649955
58 2829 0.00152309
59 2830 0.000959822
60 2835 -0.00190072
61 2837 0.00201591
62 2838 -0.00291248
63 2841 -0.00188143
64 2842 -0.00239725
65 2844 0.000172812
66 2851 -0.00164595
67 2853 0.00766743
68 2854 0.00207666
69 2857 0.000854708
70 2858 -0.000261644
71 2860 0.000348844
72 2865 0.00726284
73 2866 0.00496906
74 2868 0.000743415
75 2872 0.000318172
76 2883 0.000521445
77 2885 0.000518206
78 2886 -0.00782273
79 2889 -4.46401e-05
80 2890 -0.00271363
81 2892 0.0047493
82 2897 0.000148446
83 2898 -0.0104666
84 2900 0.000327142
85 2904 -0.00961818
86 2913 0.00264376
87 2914 -0.00691837
88 2916 0.0189786
89 2920 -0.00112038
90 2928 0.0288952
91 2947 0.000131248
92 2949 0.0079978
93 2950 -0.000169282
94 2953 0.00277173
95 2954 -6.59179e-05
96 2956 0.00409031
97 2961 0.012248
98 2962 1.02452e-18
99 2964 0.0139239
100 2968 -0.00419416
101 2977 0.0122034
102 2978 0.000865717
103 2980 0.0269163
104 2984 0.00218768
105 2992 0.0282725
106 3009 0.000175921
107 3010 0.000348844
108 3012 -0.0123127
109 3016 -0.00467356
110 3024 -0.0279416
111 3040 -0.0251103
112 3335 0.000959822
113 3339 0.00152309
114 3341 -0.000649955
115 3342 -0.00177869
116 3347 0.00409031
117 3349 -6.59179e-05
118 3350 -0.000169282
119 3353 0.00277173
120 3354 0.0079978
121 3356 0.000131248
122 3363 0.0047493
123 3365 -0.00271363
124 3366 -0.00782273
125 3369 -4.46401e-05
126 3370 0.000518206
127 3372 0.000521445
128 3377 -0.00467356
129 3378 -0.0123127
130 3380 0.000348844
131 3384 0.000175921
132 3395 0.000348844
133 3397 -0.000261644
134 3398 0.00207666
135 3401 0.000854708
136 3402 0.00766743
137 3404 -0.00164595
138 3409 0.00218768
139 3410 0.0269163
140 3412 0.000865717
141 3416 0.0122034
142 3425 -0.00112038
143 3426 0.0189786
144 3428 -0.00691837
145 3432 0.00264376
146 3440 -0.0251103
147 3459 0.000172812
148 3461 -0.00239725
149 3462 -0.00291248
150 3465 -0.00188143
151 3466 0.00201591
152 3468 -0.00190072
153 3473 -0.00419416
154 3474 0.0139239
155 3476 2.87448e-19
156 3480 0.012248
157 3489 -0.00961818
158 3490 0.000327142
159 3492 -0.0104666
160 3496 0.000148446
161 3504 -0.0279416
162 3521 0.000318172
163 3522 0.000743415
164 3524 0.00496906
165 3528 0.00726284
166 3536 0.0282725
167 3552 0.0288952
168 3591 0.00152309
169 3595 0.000959822
170 3597 -0.00177869
171 3598 -0.000649955
172 3603 0.00475212
173 3605 -0.000518165
174 3606 4.37772e-05
175 3609 0.00782499
176 3610 0.00271366
177 3612 0.00052214
178 3619 0.00408947
179 3621 -0.00799864
180 3622 -0.00277173
181 3625 0.000169365
182 3626 6.59179e-05
183 3628 0.000131248
184 3633 -0.0123252
185 3634 -0.00467356
186 3636 0.000172812
187 3640 0.000348886
188 3651 0.000175921
189 3653 -0.0020128
190 3654 0.00188143
191 3657 0.00291814
192 3658 0.00239845
193 3660 -0.00189951
194 3665 -0.000314583
195 3666 0.00962334
196 3668 -0.000148446
197 3672 0.010466
198 3681 -0.0138983
199 3682 0.00419816
200 3684 -0.012244
201 3688 3.37346e-19
202 3696 -0.0279446
203 3715 0.000348886
204 3717 -0.0076646
205 3718 -0.000853846
206 3721 -0.0020744
207 3722 0.00026234
208 3724 -0.00164592
209 3729 -0.0189786
210 3730 0.00112375
211 3732 -0.00264713
212 3736 0.00691837
213 3745 -0.0269038
214 3746 -0.00218457
215 3748 -0.0122034
216 3752 -0.000865759
217 3760 -0.0251103
218 3777 0.000730857
219 3778 0.000318172
220 3780 0.00725769
221 3784 0.00496965
222 3792 0.0288952
223 3808 0.0282696
224 4871 -0.00164592
225 4875 -0.00190072
226 4877 0.00409031
227 4878 0.00475212
228 4883 -0.00129944
229 4885 0.000812065
230 4886 0.00273262
231 4889 -0.0036333
232 4890 -0.00244485
233 4892 -0.00467356
234 4899 -0.0037089
235 4901 0.00652107
236 4902 0.012728
237 4905 -0.00546257
238 4906 -0.00154804
239 4908 -0.0123127
240 4913 0.00308714
241 4914 0.00428684
242 4916 0.00496906
243 4920 0.00725769
244 4931 -0.00164595
245 4933 -4.18459e-08
246 4934 2.76385e-18
247 4937 -0.00676994
248 4938 -0.0078228
249 4940 0.00212053
250 4945 -0.000811202
251 4946 -0.00273158
252 4948 2.82539e-06
253 4952 -0.00915295
254 4961 -0.00651712
255 4962 -0.0127254
256 4964 9.85636e-06
257 4968 -0.028999
258 4976 0.00496965
259 4995 -0.00189951
260 4997 0.00676994
261 4998 0.00781884
262 5001 4.00032e-06
263 5002 -3.46244e-19
264 5004 0.00495793
265 5009 0.00363437
266 5010 0.00244485
267 5012 0.00916069
268 5016 5.75359e-11
269 5025 0.00547032
270 5026 0.00155141
271 5028 0.0290328
272 5032 1.28081e-05
273 5040 0.00726284
274 5057 0.00408947
275 5058 0.0047493
276 5060 0.00212053
277 5064 0.00493527
278 5072 -0.00467356
279 5088 -0.0123252
280 5383 0.00026234
281 5387 0.00201591
282 5389 -6.59179e-05
283 5390 -0.000518165
284 5395 0.000812065
285 5397 0.00130307
286 5398 0.00436924
287 5401 0.00555598
288 5402 0.0169459
289 5404 6.59179e-05
290 5411 0.00155141
291 5413 0.00436921
292 5414 0.0138733
293 5417 0.0169459
294 5418 0.0505403
295 5420 0.000518206
296 5425 -0.000811202
297 5426 -0.00154804
298 5428 -0.000261644
299 5432 -0.0020128
300 5443 0.000865717
301 5445 0.00274602
302 5446 0.00993059
303 5449 0.012116
304 5450 0.0394276
305 5452 -4.18459e-08
306 5457 0.00305579
307 5458 0.0124545
308 5460 0.00274602
309 5464 0.0121152
310 5473 0.0124517
311 5474 0.0382655
312 5476 0.00992832
313 5480 0.039415
314 5488 -0.000865759
315 5507 -0.000148446
316 5509 0.00430843
317 5510 0.0154826
318 5513 0.0165125
319 5514 0.0565816
320 5516 7.72834e-20
321 5521 0.00377908
322 5522 0.0169399
323 5524 0.00430964
324 5528 0.0165165
325 5537 0.0169347
326 5538 0.0581969
327 5540 0.0154832
328 5544 0.0565787
329 5552 0.000148446
330 5569 -0.00218457
331 5570 0.000327142
332 5572 2.82539e-06
333 5576 1.28081e-05
334 5584 0.00218768
335 5600 -0.000314583
336 5639 -0.000853846
337 5643 -0.00291248
338 5645 -0.000169282
339 5646 4.37772e-05
340 5651 0.00273262
341 5653 0.00436924
342 5654 0.000653585
343 5657 0.0216195
344 5658 0.00548075
345 5660 0.00271366
346 5667 0.00547032
347 5669 0.0135551
348 5670 0.00251424
349 5673 0.0621223
350 5674 0.0169459
351 5676 0.0079978
352 5681 -0.00651712
353 5682 -0.00244485
354 5684 -0.00239725
355 5688 -0.0076646
356 5699 0.0122034
357 5701 0.0121152
358 5702 0.00114026
359 5705 0.0642109
360 5706 0.0146512
361 5708 0.00676994
362 5713 0.0124517
363 5714 0.00489559
364 5716 0.00430843
365 5720 0.0143589
366 5729 0.0665253
367 5730 0.0230344
368 5732 0.0207067
369 5736 0.0616365
370 5744 -2.8284e-19
371 5763 0.010466
372 5765 0.0143589
373 5766 0.00155308
374 5769 0.0706025
375 5770 0.0154826
376 5772 0.00781884
377 5777 0.00777921
378 5778 0.00215745
379 5780 0.00186547
380 5784 0.00502788
381 5793 0.0580596
382 5794 0.0169347
383 5796 0.0146435
384 5800 0.039415
385 5808 0.00264376
386 5825 -0.0269038
387 5826 -0.00961818
388 5828 -0.00915295
389 5832 -0.028999
390 5840 -0.00112038
391 5856 -0.0138983
392 6407 -0.0020744
393 6411 -0.00188143
394 6413 0.00277173
395 6414 0.00782499
396 6419 -0.0036333
397 6421 0.00555598
398 6422 0.0216195
399 6425 3.62953e-06
400 6426 0.00251424
401 6428 -0.00277173
402 6435 -0.0127254
403 6437 0.0216195
404 6438 0.0751784
405 6441 0.00251531
406 6442 0.0138733
407 6444 -0.00782273
408 6449 0.00363437
409 6450 0.012728
410 6452 0.00207666
411 6456 0.00188143
412 6467 -0.00691837
413 6469 0.00992832
414 6470 0.0376217
415 6473 0.00113919
416 6474 0.0050253
417 6476 -2.01582e-18
418 6481 0.00377908
419 6482 0.0077818
420 6484 0.00993059
421 6488 0.00114026
422 6497 0.00777921
423 6498 0.000165346
424 6500 0.0376217
425 6504 0.00502788
426 6512 0.00691837
427 6531 -0.012244
428 6533 0.0207067
429 6534 0.0706025
430 6537 0.00478785
431 6538 0.0165125
432 6540 4.00032e-06
433 6545 0.00956004
434 6546 0.0230344
435 6548 0.0207147
436 6552 0.00478785
437 6561 0.0230344
438 6562 0.0382655
439 6564 0.0706222
440 6568 0.0165165
441 6576 0.012248
442 6593 0.00419816
443 6594 0.0189786
444 6596 9.85636e-06
445 6600 5.75359e-11
446 6608 -0.00419416
447 6624 -0.0189786
448 6663 -0.0076646
449 6667 -0.00239725
450 6669 0.0079978
451 6670 0.00271366
452 6675 -0.00244485
453 6677 0.0169459
454 6678 0.00548075
455 6681 0.00251424
456 6682 0.000653585
457 6684 4.37772e-05
458 6691 -0.00651712
459 6693 0.0621223
460 6694 0.0216195
461 6697 0.0135551
462 6698 0.00436924
463 6700 -0.000169282
464 6705 0.00547032
465 6706 0.00273262
466 6708 -0.00291248
467 6712 -0.000853846
468 6723 0.00264376
469 6725 0.039415
470 6726 0.00502788
471 6729 0.0146435
472 6730 0.00186547
473 6732 0.00781884
474 6737 0.0169347
475 6738 0.00215745
476 6740 0.0154826
477 6744 0.00155308
478 6753 0.0580596
479 6754 0.00777921
480 6756 0.0706025
481 6760 0.0143589
482 6768 0.010466
483 6787 3.38313e-19
484 6789 0.0616365
485 6790 0.0143589
486 6793 0.0207067
487 6794 0.00430843
488 6796 0.00676994
489 6801 0.0230344
490 6802 0.00489559
491 6804 0.0146512
492 6808 0.00114026
493 6817 0.0665253
494 6818 0.0124517
495 6820 0.0642109
496 6824 0.0121152
497 6832 0.0122034
498 6849 -0.0138983
499 6850 -0.00112038
500 6852 -0.028999
501 6856 -0.00915295
502 6864 -0.00961818
503 6880 -0.0269038
504 7175 0.000348886
505 7179 0.000172812
506 7181 0.000131248
507 7182 0.00052214
508 7187 -0.00467356
509 7189 6.59179e-05
510 7190 0.00271366
511 7193 -0.00277173
512 7194 4.37772e-05
513 7196 -0.000649955
514 7203 -0.0123252
515 7205 0.000169365
516 7206 0.00782499
517 7209 -0.00799864
518 7210 -0.000518165
519 7212 -0.00177869
520 7217 0.00408947
521 7218 0.00475212
522 7220 0.000959822
523 7224 0.00152309
524 7235 -0.0251103
525 7237 -0.000865759
526 7238 0.00691837
527 7241 -0.0122034
528 7242 -0.00264713
529 7244 -0.00164592
530 7249 -0.00218457
531 7250 0.00112375
532 7252 0.00026234
533 7256 -0.000853846
534 7265 -0.0269038
535 7266 -0.0189786
536 7268 -0.0020744
537 7272 -0.0076646
538 7280 0.000348886
539 7299 -0.0279446
540 7301 -4.51271e-19
541 7302 0.010466
542 7305 -0.012244
543 7306 -0.000148446
544 7308 -0.00189951
545 7313 0.00419816
546 7314 0.00962334
547 7316 0.00239845
548 7320 0.00188143
549 7329 -0.0138983
550 7330 -0.000314583
551 7332 0.00291814
552 7336 -0.0020128
553 7344 0.000175921
554 7361 0.0282696
555 7362 0.0288952
556 7364 0.00496965
557 7368 0.00725769
558 7376 0.000318172
559 7392 0.000730857
560 8967 -0.00189951
561 8971 -0.00164595
562 8973 0.0047493
563 8974 0.00408947
564 8979 -0.0037089
565 8981 0.00155141
566 8982 0.00547032
567 8985 -0.0127254
568 8986 -0.00651712
569 8988 -0.0123252
570 8995 -0.00129944
571 8997 0.00244485
572 8998 0.00363437
573 9001 -0.00273158
574 9002 -0.000811202
575 9004 -0.00467356
576 9009 0.00428684
577 9010 0.00308714
578 9012 0.00726284
579 9016 0.00496965
580 9027 -0.00190072
581 9029 -5.78949e-19
582 9030 4.00032e-06
583 9033 -0.0078228
584 9034 -0.00676994
585 9036 0.00493527
586 9041 -0.00154804
587 9042 -0.00546257
588 9044 1.28081e-05
589 9048 -0.028999
590 9057 -0.00244485
591 9058 -0.0036333
592 9060 5.75359e-11
593 9064 -0.00915295
594 9072 0.00725769
595 9091 -0.00164592
596 9093 0.00781884
597 9094 0.00676994
598 9097 -1.93431e-18
599 9098 -4.18459e-08
600 9100 0.00212053
601 9105 0.012728
602 9106 0.00652107
603 9108 0.0290328
604 9112 9.85636e-06
605 9121 0.00273262
606 9122 0.000812065
607 9124 0.00916069
608 9128 2.82539e-06
609 9136 0.00496906
610 9153 0.00475212
611 9154 0.00409031
612 9156 0.00495793
613 9160 0.00212053
614 9168 -0.0123127
615 9184 -0.00467356
616 9479 0.00239845
617 9483 0.00766743
618 9485 -0.00271363
619 9486 -0.00799864
620 9491 0.00652107
621 9493 0.00436921
622 9494 0.0135551
623 9497 0.0216195
624 9498 0.0621223
625 9500 0.000169365
626 9507 0.00244485
627 9509 0.000653585
628 9510 0.00251531
629 9513 0.0054797
630 9514 0.0169459
631 9516 -4.46401e-05
632 9521 -0.00273158
633 9522 -0.00546257
634 9524 0.000854708
635 9528 0.00291814
636 9539 3.87973e-19
637 9541 0.00430964
638 9542 0.0207147
639 9545 0.0143629
640 9546 0.0616592
641 9548 -0.00676994
642 9553 0.0124545
643 9554 0.066548
644 9556 0.012116
645 9560 0.0642109
646 9569 0.00489559
647 9570 0.0230344
648 9572 0.00113919
649 9576 0.0146435
650 9584 -0.0122034
651 9603 -0.00264713
652 9605 0.00186547
653 9606 0.0146512
654 9609 0.0050253
655 9610 0.0394276
656 9612 -0.0078228
657 9617 0.0077818
658 9618 0.0580934
659 9620 0.0143629
660 9624 0.0706222
661 9633 0.00215745
662 9634 0.0169399
663 9636 0.00155308
664 9640 0.0154832
665 9648 -0.0104666
666 9665 0.00112375
667 9666 0.0139239
668 9668 0.00916069
669 9672 0.0290328
670 9680 0.0269163
671 9696 0.00962334
672 9735 0.00188143
673 9739 0.00207666
674 9741 -0.00782273
675 9742 -0.00277173
676 9747 0.012728
677 9749 0.0138733
678 9750 0.00251424
679 9753 0.0751784
680 9754 0.0216195
681 9756 0.00782499
682 9763 0.00363437
683 9765 0.00251531
684 9766 3.62953e-06
685 9769 0.0216195
686 9770 0.00555598
687 9772 0.00277173
688 9777 -0.0127254
689 9778 -0.0036333
690 9780 -0.00188143
691 9784 -0.0020744
692 9795 0.012248
693 9797 0.0165165
694 9798 0.00478785
695 9801 0.0706222
696 9802 0.0207147
697 9804 4.00032e-06
698 9809 0.0382655
699 9810 0.0230344
700 9812 0.0165125
701 9816 0.0706025
702 9825 0.0230344
703 9826 0.00956004
704 9828 0.00478785
705 9832 0.0207067
706 9840 -0.012244
707 9859 0.00691837
708 9861 0.00502788
709 9862 0.00114026
710 9865 0.0376217
711 9866 0.00993059
712 9868 -1.55373e-20
713 9873 0.000165346
714 9874 0.0077818
715 9876 0.0050253
716 9880 0.0376217
717 9889 0.00777921
718 9890 0.00377908
719 9892 0.00113919
720 9896 0.00992832
721 9904 -0.00691837
722 9921 -0.0189786
723 9922 -0.00419416
724 9924 5.75359e-11
725 9928 9.85636e-06
726 9936 0.0189786
727 9952 0.00419816
728 10503 0.00291814
729 10507 0.000854708
730 10509 -4.46401e-05
731 10510 0.000169365
732 10515 -0.00546257
733 10517 0.0169459
734 10518 0.0621223
735 10521 0.00251531
736 10522 0.0135551
737 10524 -0.00799864
738 10531 -0.00273158
739 10533 0.0054797
740 10534 0.0216195
741 10537 0.000653585
742 10538 0.00436921
743 10540 -0.00271363
744 10545 0.00244485
745 10546 0.00652107
746 10548 0.00766743
747 10552 0.00239845
748 10563 -0.0104666
749 10565 0.0154832
750 10566 0.0706222
751 10569 0.00155308
752 10570 0.0143629
753 10572 -0.0078228
754 10577 0.0169399
755 10578 0.0580934
756 10580 0.0394276
757 10584 0.0146512
758 10593 0.00215745
759 10594 0.0077818
760 10596 0.0050253
761 10600 0.00186547
762 10608 -0.00264713
763 10627 -0.0122034
764 10629 0.0146435
765 10630 0.0642109
766 10633 0.00113919
767 10634 0.012116
768 10636 -0.00676994
769 10641 0.0230344
770 10642 0.066548
771 10644 0.0616592
772 10648 0.0207147
773 10657 0.00489559
774 10658 0.0124545
775 10660 0.0143629
776 10664 0.00430964
777 10672 -4.29138e-19
778 10689 0.00962334
779 10690 0.0269163
780 10692 0.0290328
781 10696 0.00916069
782 10704 0.0139239
783 10720 0.00112375
784 10759 -0.0020128
785 10763 -0.000261644
786 10765 0.000518206
787 10766 6.59179e-05
788 10771 -0.00154804
789 10773 0.0505403
790 10774 0.0169459
791 10777 0.0138733
792 10778 0.00436924
793 10780 -0.000518165
794 10787 -0.000811202
795 10789 0.0169459
796 10790 0.00555598
797 10793 0.00436921
798 10794 0.00130307
799 10796 -6.59179e-05
800 10801 0.00155141
801 10802 0.000812065
802 10804 0.00201591
803 10808 0.00026234
804 10819 0.000148446
805 10821 0.0565787
806 10822 0.0165165
807 10825 0.0154832
808 10826 0.00430964
809 10828 -2.74246e-19
810 10833 0.0581969
811 10834 0.0169399
812 10836 0.0565816
813 10840 0.0154826
814 10849 0.0169347
815 10850 0.00377908
816 10852 0.0165125
817 10856 0.00430843
818 10864 -0.000148446
819 10883 -0.000865759
820 10885 0.039415
821 10886 0.0121152
822 10889 0.00992832
823 10890 0.00274602
824 10892 -4.18459e-08
825 10897 0.0382655
826 10898 0.0124545
827 10900 0.0394276
828 10904 0.00993059
829 10913 0.0124517
830 10914 0.00305579
831 10916 0.012116
832 10920 0.00274602
833 10928 0.000865717
834 10945 -0.000314583
835 10946 0.00218768
836 10948 1.28081e-05
837 10952 2.82539e-06
838 10960 0.000327142
839 10976 -0.00218457
840 11271 0.000175921
841 11275 0.000348844
842 11277 0.000521445
843 11278 0.000131248
844 11283 -0.0123127
845 11285 0.000518206
846 11286 0.0079978
847 11289 -0.00782273
848 11290 -0.000169282
849 11292 -0.00177869
850 11299 -0.00467356
851 11301 -4.46401e-05
852 11302 0.00277173
853 11305 -0.00271363
854 11306 -6.59179e-05
855 11308 -0.000649955
856 11313 0.0047493
857 11314 0.00409031
858 11316 0.00152309
859 11320 0.000959822
860 11331 -0.0279416
861 11333 0.000148446
862 11334 0.012248
863 11337 -0.0104666
864 11338 -7.23727e-19
865 11340 -0.00190072
866 11345 0.000327142
867 11346 0.0139239
868 11348 0.00201591
869 11352 -0.00291248
870 11361 -0.00961818
871 11362 -0.00419416
872 11364 -0.00188143
873 11368 -0.00239725
874 11376 0.000172812
875 11395 -0.0251103
876 11397 0.00264376
877 11398 0.0122034
878 11401 -0.00691837
879 11402 0.000865717
880 11404 -0.00164595
881 11409 0.0189786
882 11410 0.0269163
883 11412 0.00766743
884 11416 0.00207666
885 11425 -0.00112038
886 11426 0.00218768
887 11428 0.000854708
888 11432 -0.000261644
889 11440 0.000348844
890 11457 0.0288952
891 11458 0.0282725
892 11460 0.00726284
893 11464 0.00496906
894 11472 0.000743415
895 11488 0.000318172
896 12551 0.00496965
897 12555 0.00726284
898 12557 -0.00467356
899 12558 -0.0123252
900 12563 0.00308714
901 12565 -0.000811202
902 12566 -0.00651712
903 12569 0.00363437
904 12570 0.00547032
905 12572 0.00408947
906 12579 0.00428684
907 12581 -0.00273158
908 12582 -0.0127254
909 12585 0.00244485
910 12586 0.00155141
911 12588 0.0047493
912 12593 -0.00129944
913 12594 -0.0037089
914 12596 -0.00164595
915 12600 -0.00189951
916 12611 0.00496906
917 12613 2.82539e-06
918 12614 9.85636e-06
919 12617 0.00916069
920 12618 0.0290328
921 12620 0.00212053
922 12625 0.000812065
923 12626 0.00652107
924 12628 -4.18459e-08
925 12632 0.00676994
926 12641 0.00273262
927 12642 0.012728
928 12644 1.83467e-18
929 12648 0.00781884
930 12656 -0.00164592
931 12675 0.00725769
932 12677 -0.00915295
933 12678 -0.028999
934 12681 5.75359e-11
935 12682 1.28081e-05
936 12684 0.00493527
937 12689 -0.0036333
938 12690 -0.00546257
939 12692 -0.00676994
940 12696 4.00032e-06
941 12705 -0.00244485
942 12706 -0.00154804
943 12708 -0.0078228
944 12712 2.21194e-19
945 12720 -0.00190072
946 12737 -0.00467356
947 12738 -0.0123127
948 12740 0.00212053
949 12744 0.00495793
950 12752 0.00409031
951 12768 0.00475212
952 12807 0.00725769
953 12811 0.00496906
954 12813 -0.0123127
955 12814 -0.00467356
956 12819 0.00428684
957 12821 -0.00154804
958 12822 -0.00244485
959 12825 0.012728
960 12826 0.00273262
961 12828 0.00475212
962 12835 0.00308714
963 12837 -0.00546257
964 12838 -0.0036333
965 12841 0.00652107
966 12842 0.000812065
967 12844 0.00409031
968 12849 -0.0037089
969 12850 -0.00129944
970 12852 -0.00190072
971 12856 -0.00164592
972 12867 0.00726284
973 12869 1.28081e-05
974 12870 5.75359e-11
975 12873 0.0290328
976 12874 0.00916069
977 12876 0.00495793
978 12881 0.00155141
979 12882 0.00244485
980 12884 1.20271e-18
981 12888 0.00781884
982 12897 0.00547032
983 12898 0.00363437
984 12900 4.00032e-06
985 12904 0.00676994
986 12912 -0.00189951
987 12931 0.00496965
988 12933 -0.028999
989 12934 -0.00915295
990 12937 9.85636e-06
991 12938 2.82539e-06
992 12940 0.00212053
993 12945 -0.0127254
994 12946 -0.00273158
995 12948 -0.0078228
996 12952 4.54454e-19
997 12961 -0.00651712
998 12962 -0.000811202
999 12964 -0.00676994
1000 12968 -4.18459e-08
1001 12976 -0.00164595
1002 12993 -0.0123252
1003 12994 -0.00467356
1004 12996 0.00493527
1005 13000 0.00212053
1006 13008 0.0047493
1007 13024 0.00408947
1008 13319 0.000318172
1009 13323 0.000743415
1010 13325 0.000348844
1011 13326 0.000172812
1012 13331 0.00496906
1013 13333 -0.000261644
1014 13334 -0.00239725
1015 13337 0.00207666
1016 13338 -0.00291248
1017 13340 0.000959822
1018 13347 0.00726284
1019 13349 0.000854708
1020 13350 -0.00188143
1021 13353 0.00766743
1022 13354 0.00201591
1023 13356 0.00152309
1024 13361 -0.00164595
1025 13362 -0.00190072
1026 13364 -0.000649955
1027 13368 -0.00177869
1028 13379 0.0282725
1029 13381 0.00218768
1030 13382 -0.00419416
1031 13385 0.0269163
1032 13386 0.0139239
1033 13388 0.00409031
1034 13393 0.000865717
1035 13394 2.8748e-19
1036 13396 -6.59179e-05
1037 13400 -0.000169282
1038 13409 0.0122034
1039 13410 0.012248
1040 13412 0.00277173
1041 13416 0.0079978
1042 13424 0.000131248
1043 13443 0.0288952
1044 13445 -0.00112038
1045 13446 -0.00961818
1046 13449 0.0189786
1047 13450 0.000327142
1048 13452 0.0047493
1049 13457 -0.00691837
1050 13458 -0.0104666
1051 13460 -0.00271363
1052 13464 -0.00782273
1053 13473 0.00264376
1054 13474 0.000148446
1055 13476 -4.46401e-05
1056 13480 0.000518206
1057 13488 0.000521445
1058 13505 -0.0251103
1059 13506 -0.0279416
1060 13508 -0.00467356
1061 13512 -0.0123127
1062 13520 0.000348844
1063 13536 0.000175921
1064 14343 0.000730857
1065 14347 0.000318172
1066 14349 0.000175921
1067 14350 0.000348886
1068 14355 0.00725769
1069 14357 -0.0020128
1070 14358 -0.0076646
1071 14361 0.00188143
1072 14362 -0.000853846
1073 14364 0.00152309
1074 14371 0.00496965
1075 14373 0.00291814
1076 14374 -0.0020744
1077 14377 0.00239845
1078 14378 0.00026234
1079 14380 0.000959822
1080 14385 -0.00189951
1081 14386 -0.00164592
1082 14388 -0.00177869
1083 14392 -0.000649955
1084 14403 0.0288952
1085 14405 -0.000314583
1086 14406 -0.0189786
1087 14409 0.00962334
1088 14410 0.00112375
1089 14412 0.00475212
1090 14417 -0.000148446
1091 14418 -0.00264713
1092 14420 -0.000518165
1093 14424 4.37772e-05
1094 14433 0.010466
1095 14434 0.00691837
1096 14436 0.00782499
1097 14440 0.00271366
1098 14448 0.00052214
1099 14467 0.0282696
1100 14469 -0.0138983
1101 14470 -0.0269038
1102 14473 0.00419816
1103 14474 -0.00218457
1104 14476 0.00408947
1105 14481 -0.012244
1106 14482 -0.0122034
1107 14484 -0.00799864
1108 14488 -0.00277173
1109 14497 3.3567e-19
1110 14498 -0.000865759
1111 14500 0.000169365
1112 14504 6.59179e-05
1113 14512 0.000131248
1114 14529 -0.0279446
1115 14530 -0.0251103
1116 14532 -0.0123252
1117 14536 -0.00467356
1118 14544 0.000172812
1119 14560 0.000348886
1120 17159 0.000131248
1121 17163 0.000521445
1122 17165 0.000348844
1123 17166 0.000175921
1124 17171 -0.00164595
1125 17173 0.000865717
1126 17174 0.0122034
1127 17177 -0.00691837
1128 17178 0.00264376
1129 17180 -0.0251103
1130 17187 -0.00190072
1131 17189 -3.15962e-19
1132 17190 0.012248
1133 17193 -0.0104666
1134 17194 0.000148446
1135 17196 -0.0279416
1136 17201 0.00496906
1137 17202 0.00726284
1138 17204 0.0282725
1139 17208 0.0288952
1140 17219 -0.000649955
1141 17221 -6.59179e-05
1142 17222 0.00277173
1143 17225 -0.00271363
1144 17226 -4.46401e-05
1145 17228 -0.00467356
1146 17233 -0.000261644
1147 17234 0.000854708
1148 17236 0.00218768
1149 17240 -0.00112038
1150 17249 -0.00239725
1151 17250 -0.00188143
1152 17252 -0.00419416
1153 17256 -0.00961818
1154 17264 0.000318172
1155 17283 -0.00177869
1156 17285 -0.000169282
1157 17286 0.0079978
1158 17289 -0.00782273
1159 17290 0.000518206
1160 17292 -0.0123127
1161 17297 0.00207666
1162 17298 0.00766743
1163 17300 0.0269163
1164 17304 0.0189786
1165 17313 -0.00291248
1166 17314 0.00201591
1167 17316 0.0139239
1168 17320 0.000327142
1169 17328 0.000743415
1170 17345 0.000959822
1171 17346 0.00152309
1172 17348 0.00409031
1173 17352 0.0047493
1174 17360 0.000348844
1175 17376 0.000172812
1176 17671 6.59179e-05
1177 17675 0.000518206
1178 17677 -0.000261644
1179 17678 -0.0020128
1180 17683 -4.18459e-08
1181 17685 0.00274602
1182 17686 0.0121152
1183 17689 0.00992832
1184 17690 0.039415
1185 17692 -0.000865759
1186 17699 -6.46341e-20
1187 17701 0.00430964
1188 17702 0.0165165
1189 17705 0.0154832
1190 17706 0.0565787
1191 17708 0.000148446
1192 17713 2.82539e-06
1193 17714 1.28081e-05
1194 17716 0.00218768
1195 17720 -0.000314583
1196 17731 -6.59179e-05
1197 17733 0.00130307
1198 17734 0.00555598
1199 17737 0.00436921
1200 17738 0.0169459
1201 17740 -0.000811202
1202 17745 0.00274602
1203 17746 0.012116
1204 17748 0.00305579
1205 17752 0.0124517
1206 17761 0.00430843
1207 17762 0.0165125
1208 17764 0.00377908
1209 17768 0.0169347
1210 17776 -0.00218457
1211 17795 -0.000518165
1212 17797 0.00436924
1213 17798 0.0169459
1214 17801 0.0138733
1215 17802 0.0505403
1216 17804 -0.00154804
1217 17809 0.00993059
1218 17810 0.0394276
1219 17812 0.0124545
1220 17816 0.0382655
1221 17825 0.0154826
1222 17826 0.0565816
1223 17828 0.0169399
1224 17832 0.0581969
1225 17840 0.000327142
1226 17857 0.00026234
1227 17858 0.00201591
1228 17860 0.000812065
1229 17864 0.00155141
1230 17872 0.000865717
1231 17888 -0.000148446
1232 17927 -0.00277173
1233 17931 -0.00782273
1234 17933 0.00207666
1235 17934 0.00188143
1236 17939 -2.25978e-19
1237 17941 0.00993059
1238 17942 0.00114026
1239 17945 0.0376217
1240 17946 0.00502788
1241 17948 0.00691837
1242 17955 4.00032e-06
1243 17957 0.0207147
1244 17958 0.00478785
1245 17961 0.0706222
1246 17962 0.0165165
1247 17964 0.012248
1248 17969 9.85636e-06
1249 17970 5.75359e-11
1250 17972 -0.00419416
1251 17976 -0.0189786
1252 17987 0.00277173
1253 17989 0.00555598
1254 17990 3.62953e-06
1255 17993 0.0216195
1256 17994 0.00251531
1257 17996 0.00363437
1258 18001 0.00992832
1259 18002 0.00113919
1260 18004 0.00377908
1261 18008 0.00777921
1262 18017 0.0207067
1263 18018 0.00478785
1264 18020 0.00956004
1265 18024 0.0230344
1266 18032 0.00419816
1267 18051 0.00782499
1268 18053 0.0216195
1269 18054 0.00251424
1270 18057 0.0751784
1271 18058 0.0138733
1272 18060 0.012728
1273 18065 0.0376217
1274 18066 0.0050253
1275 18068 0.0077818
1276 18072 0.000165346
1277 18081 0.0706025
1278 18082 0.0165125
1279 18084 0.0230344
1280 18088 0.0382655
1281 18096 0.0189786
1282 18113 -0.0020744
1283 18114 -0.00188143
1284 18116 -0.0036333
1285 18120 -0.0127254
1286 18128 -0.00691837
1287 18144 -0.012244
1288 18695 0.000169365
1289 18699 -4.46401e-05
1290 18701 0.000854708
1291 18702 0.00291814
1292 18707 -0.00676994
1293 18709 0.012116
1294 18710 0.0642109
1295 18713 0.00113919
1296 18714 0.0146435
1297 18716 -0.0122034
1298 18723 -0.0078228
1299 18725 0.0143629
1300 18726 0.0706222
1301 18729 0.00155308
1302 18730 0.0154832
1303 18732 -0.0104666
1304 18737 0.00916069
1305 18738 0.0290328
1306 18740 0.0269163
1307 18744 0.00962334
1308 18755 -0.00271363
1309 18757 0.00436921
1310 18758 0.0216195
1311 18761 0.000653585
1312 18762 0.0054797
1313 18764 -0.00273158
1314 18769 0.00430964
1315 18770 0.0143629
1316 18772 0.0124545
1317 18776 0.00489559
1318 18785 0.00186547
1319 18786 0.0050253
1320 18788 0.0077818
1321 18792 0.00215745
1322 18800 0.00112375
1323 18819 -0.00799864
1324 18821 0.0135551
1325 18822 0.0621223
1326 18825 0.00251531
1327 18826 0.0169459
1328 18828 -0.00546257
1329 18833 0.0207147
1330 18834 0.0616592
1331 18836 0.066548
1332 18840 0.0230344
1333 18849 0.0146512
1334 18850 0.0394276
1335 18852 0.0580934
1336 18856 0.0169399
1337 18864 0.0139239
1338 18881 0.00239845
1339 18882 0.00766743
1340 18884 0.00652107
1341 18888 0.00244485
1342 18896 -4.67597e-19
1343 18912 -0.00264713
1344 18951 -0.00799864
1345 18955 -0.00271363
1346 18957 0.00766743
1347 18958 0.00239845
1348 18963 -0.0078228
1349 18965 0.0394276
1350 18966 0.0146512
1351 18969 0.0050253
1352 18970 0.00186547
1353 18972 -0.00264713
1354 18979 -0.00676994
1355 18981 0.0616592
1356 18982 0.0207147
1357 18985 0.0143629
1358 18986 0.00430964
1359 18988 -5.45906e-19
1360 18993 0.0290328
1361 18994 0.00916069
1362 18996 0.0139239
1363 19000 0.00112375
1364 19011 -4.46401e-05
1365 19013 0.0169459
1366 19014 0.00251531
1367 19017 0.0054797
1368 19018 0.000653585
1369 19020 0.00244485
1370 19025 0.0154832
1371 19026 0.00155308
1372 19028 0.0169399
1373 19032 0.00215745
1374 19041 0.0146435
1375 19042 0.00113919
1376 19044 0.0230344
1377 19048 0.00489559
1378 19056 0.00962334
1379 19075 0.000169365
1380 19077 0.0621223
1381 19078 0.0135551
1382 19081 0.0216195
1383 19082 0.00436921
1384 19084 0.00652107
1385 19089 0.0706222
1386 19090 0.0143629
1387 19092 0.0580934
1388 19096 0.0077818
1389 19105 0.0642109
1390 19106 0.012116
1391 19108 0.066548
1392 19112 0.0124545
1393 19120 0.0269163
1394 19137 0.00291814
1395 19138 0.000854708
1396 19140 -0.00546257
1397 19144 -0.00273158
1398 19152 -0.0104666
1399 19168 -0.0122034
1400 19463 0.00408947
1401 19467 0.0047493
1402 19469 -0.00164595
1403 19470 -0.00189951
1404 19475 0.00212053
1405 19477 -4.18459e-08
1406 19478 0.00676994
1407 19481 -1.2873e-18
1408 19482 0.00781884
1409 19484 -0.00164592
1410 19491 0.00493527
1411 19493 -0.00676994
1412 19494 4.00032e-06
1413 19497 -0.0078228
1414 19498 3.25706e-20
1415 19500 -0.00190072
1416 19505 0.00212053
1417 19506 0.00495793
1418 19508 0.00409031
1419 19512 0.00475212
1420 19523 -0.00467356
1421 19525 -0.000811202
1422 19526 0.00363437
1423 19529 -0.00273158
1424 19530 0.00244485
1425 19532 -0.00129944
1426 19537 2.82539e-06
1427 19538 0.00916069
1428 19540 0.000812065
1429 19544 0.00273262
1430 19553 -0.00915295
1431 19554 5.75359e-11
1432 19556 -0.0036333
1433 19560 -0.00244485
1434 19568 -0.00467356
1435 19587 -0.0123252
1436 19589 -0.00651712
1437 19590 0.00547032
1438 19593 -0.0127254
1439 19594 0.00155141
1440 19596 -0.0037089
1441 19601 9.85636e-06
1442 19602 0.0290328
1443 19604 0.00652107
1444 19608 0.012728
1445 19617 -0.028999
1446 19618 1.28081e-05
1447 19620 -0.00546257
1448 19624 -0.00154804
1449 19632 -0.0123127
1450 19649 0.00496965
1451 19650 0.00726284
1452 19652 0.00308714
1453 19656 0.00428684
1454 19664 0.00496906
1455 19680 0.00725769
1456 20743 -0.000865759
1457 20747 0.000148446
1458 20749 0.00218768
1459 20750 -0.000314583
1460 20755 -0.000811202
1461 20757 0.00305579
1462 20758 0.0124517
1463 20761 0.00377908
1464 20762 0.0169347
1465 20764 -0.00218457
1466 20771 -0.00154804
1467 20773 0.0124545
1468 20774 0.0382655
1469 20777 0.0169399
1470 20778 0.0581969
1471 20780 0.000327142
1472 20785 0.000812065
1473 20786 0.00155141
1474 20788 0.000865717
1475 20792 -0.000148446
1476 20803 -0.000261644
1477 20805 0.00274602
1478 20806 0.00992832
1479 20809 0.00430964
1480 20810 0.0154832
1481 20812 2.82539e-06
1482 20817 0.00130307
1483 20818 0.00436921
1484 20820 0.00274602
1485 20824 0.00430843
1486 20833 0.00436924
1487 20834 0.0138733
1488 20836 0.00993059
1489 20840 0.0154826
1490 20848 0.00026234
1491 20867 -0.0020128
1492 20869 0.0121152
1493 20870 0.039415
1494 20873 0.0165165
1495 20874 0.0565787
1496 20876 1.28081e-05
1497 20881 0.00555598
1498 20882 0.0169459
1499 20884 0.012116
1500 20888 0.0165125
1501 20897 0.0169459
1502 20898 0.0505403
1503 20900 0.0394276
1504 20904 0.0565816
1505 20912 0.00201591
1506 20929 6.59179e-05
1507 20930 0.000518206
1508 20932 -4.18459e-08
1509 20936 -1.99528e-19
1510 20944 -6.59179e-05
1511 20960 -0.000518165
1512 20999 -0.0122034
1513 21003 -0.0104666
1514 21005 0.0269163
1515 21006 0.00962334
1516 21011 -0.00273158
1517 21013 0.0124545
1518 21014 0.00489559
1519 21017 0.0077818
1520 21018 0.00215745
1521 21020 0.00112375
1522 21027 -0.00546257
1523 21029 0.066548
1524 21030 0.0230344
1525 21033 0.0580934
1526 21034 0.0169399
1527 21036 0.0139239
1528 21041 0.00652107
1529 21042 0.00244485
1530 21044 -3.26927e-19
1531 21048 -0.00264713
1532 21059 0.000854708
1533 21061 0.012116
1534 21062 0.00113919
1535 21065 0.0143629
1536 21066 0.00155308
1537 21068 0.00916069
1538 21073 0.00436921
1539 21074 0.000653585
1540 21076 0.00430964
1541 21080 0.00186547
1542 21089 0.0135551
1543 21090 0.00251531
1544 21092 0.0207147
1545 21096 0.0146512
1546 21104 0.00239845
1547 21123 0.00291814
1548 21125 0.0642109
1549 21126 0.0146435
1550 21129 0.0706222
1551 21130 0.0154832
1552 21132 0.0290328
1553 21137 0.0216195
1554 21138 0.0054797
1555 21140 0.0143629
1556 21144 0.0050253
1557 21153 0.0621223
1558 21154 0.0169459
1559 21156 0.0616592
1560 21160 0.0394276
1561 21168 0.00766743
1562 21185 0.000169365
1563 21186 -4.46401e-05
1564 21188 -0.00676994
1565 21192 -0.0078228
1566 21200 -0.00271363
1567 21216 -0.00799864
1568 21511 -0.00218457
1569 21515 0.000327142
1570 21517 0.000865717
1571 21518 -0.000148446
1572 21523 2.82539e-06
1573 21525 0.00274602
1574 21526 0.00430843
1575 21529 0.00993059
1576 21530 0.0154826
1577 21532 0.00026234
1578 21539 1.28081e-05
1579 21541 0.012116
1580 21542 0.0165125
1581 21545 0.0394276
1582 21546 0.0565816
1583 21548 0.00201591
1584 21553 -4.18459e-08
1585 21554 2.2466e-19
1586 21556 -6.59179e-05
1587 21560 -0.000518165
1588 21571 0.00218768
1589 21573 0.00305579
1590 21574 0.00377908
1591 21577 0.0124545
1592 21578 0.0169399
1593 21580 0.000812065
1594 21585 0.00274602
1595 21586 0.00430964
1596 21588 0.00130307
1597 21592 0.00436924
1598 21601 0.0121152
1599 21602 0.0165165
1600 21604 0.00555598
1601 21608 0.0169459
1602 21616 6.59179e-05
1603 21635 -0.000314583
1604 21637 0.0124517
1605 21638 0.0169347
1606 21641 0.0382655
1607 21642 0.0581969
1608 21644 0.00155141
1609 21649 0.00992832
1610 21650 0.0154832
1611 21652 0.00436921
1612 21656 0.0138733
1613 21665 0.039415
1614 21666 0.0565787
1615 21668 0.0169459
1616 21672 0.0505403
1617 21680 0.000518206
1618 21697 -0.000865759
1619 21698 0.000148446
1620 21700 -0.000811202
1621 21704 -0.00154804
1622 21712 -0.000261644
1623 21728 -0.0020128
1624 22535 -0.0269038
1625 22539 -0.00961818
1626 22541 0.0122034
1627 22542 0.010466
1628 22547 -0.00915295
1629 22549 0.0121152
1630 22550 0.0143589
1631 22553 0.00114026
1632 22554 0.00155308
1633 22556 -0.000853846
1634 22563 -0.028999
1635 22565 0.0642109
1636 22566 0.0706025
1637 22569 0.0146512
1638 22570 0.0154826
1639 22572 -0.00291248
1640 22577 0.00676994
1641 22578 0.00781884
1642 22580 -0.000169282
1643 22584 4.37772e-05
1644 22595 -0.00112038
1645 22597 0.0124517
1646 22598 0.00777921
1647 22601 0.00489559
1648 22602 0.00215745
1649 22604 0.00273262
1650 22609 0.00430843
1651 22610 0.00186547
1652 22612 0.00436924
1653 22616 0.000653585
1654 22625 0.0143589
1655 22626 0.00502788
1656 22628 0.0216195
1657 22632 0.00548075
1658 22640 0.00271366
1659 22659 -0.0138983
1660 22661 0.0665253
1661 22662 0.0580596
1662 22665 0.0230344
1663 22666 0.0169347
1664 22668 0.00547032
1665 22673 0.0207067
1666 22674 0.0146435
1667 22676 0.0135551
1668 22680 0.00251424
1669 22689 0.0616365
1670 22690 0.039415
1671 22692 0.0621223
1672 22696 0.0169459
1673 22704 0.0079978
1674 22721 1.80581e-19
1675 22722 0.00264376
1676 22724 -0.00651712
1677 22728 -0.00244485
1678 22736 -0.00239725
1679 22752 -0.0076646
1680 24839 -6.18578e-20
1681 24843 0.00264376
1682 24845 -0.00112038
1683 24846 -0.0138983
1684 24851 -0.00651712
1685 24853 0.0124517
1686 24854 0.0665253
1687 24857 0.00777921
1688 24858 0.0580596
1689 24860 -0.0269038
1690 24867 -0.00244485
1691 24869 0.00489559
1692 24870 0.0230344
1693 24873 0.00215745
1694 24874 0.0169347
1695 24876 -0.00961818
1696 24881 0.00273262
1697 24882 0.00547032
1698 24884 0.0122034
1699 24888 0.010466
1700 24899 -0.00239725
1701 24901 0.00430843
1702 24902 0.0207067
1703 24905 0.00186547
1704 24906 0.0146435
1705 24908 -0.00915295
1706 24913 0.00436924
1707 24914 0.0135551
1708 24916 0.0121152
1709 24920 0.0143589
1710 24929 0.000653585
1711 24930 0.00251424
1712 24932 0.00114026
1713 24936 0.00155308
1714 24944 -0.000853846
1715 24963 -0.0076646
1716 24965 0.0143589
1717 24966 0.0616365
1718 24969 0.00502788
1719 24970 0.039415
1720 24972 -0.028999
1721 24977 0.0216195
1722 24978 0.0621223
1723 24980 0.0642109
1724 24984 0.0706025
1725 24993 0.00548075
1726 24994 0.0169459
1727 24996 0.0146512
1728 25000 0.0154826
1729 25008 -0.00291248
1730 25025 0.00271366
1731 25026 0.0079978
1732 25028 0.00676994
1733 25032 0.00781884
1734 25040 -0.000169282
1735 25056 4.37772e-05
1736 25095 -0.012244
1737 25099 -0.00691837
1738 25101 0.0189786
1739 25102 0.00419816
1740 25107 -0.0127254
1741 25109 0.0382655
1742 25110 0.0230344
1743 25113 0.000165346
1744 25114 0.00777921
1745 25116 -0.0189786
1746 25123 -0.0036333
1747 25125 0.0230344
1748 25126 0.00956004
1749 25129 0.0077818
1750 25130 0.00377908
1751 25132 -0.00419416
1752 25137 0.012728
1753 25138 0.00363437
1754 25140 0.012248
1755 25144 0.00691837
1756 25155 -0.00188143
1757 25157 0.0165125
1758 25158 0.00478785
1759 25161 0.0050253
1760 25162 0.00113919
1761 25164 5.75359e-11
1762 25169 0.0138733
1763 25170 0.00251531
1764 25172 0.0165165
1765 25176 0.00502788
1766 25185 0.00251424
1767 25186 3.62953e-06
1768 25188 0.00478785
1769 25192 0.00114026
1770 25200 0.00188143
1771 25219 -0.0020744
1772 25221 0.0706025
1773 25222 0.0207067
1774 25225 0.0376217
1775 25226 0.00992832
1776 25228 9.85636e-06
1777 25233 0.0751784
1778 25234 0.0216195
1779 25236 0.0706222
1780 25240 0.0376217
1781 25249 0.0216195
1782 25250 0.00555598
1783 25252 0.0207147
1784 25256 0.00993059
1785 25264 0.00207666
1786 25281 0.00782499
1787 25282 0.00277173
1788 25284 4.00032e-06
1789 25288 1.40349e-18
1790 25296 -0.00782273
1791 25312 -0.00277173
1792 25607 0.00419816
1793 25611 0.0189786
1794 25613 -0.00691837
1795 25614 -0.012244
1796 25619 9.85636e-06
1797 25621 0.00992832
1798 25622 0.0207067
1799 25625 0.0376217
1800 25626 0.0706025
1801 25628 -0.0020744
1802 25635 5.75359e-11
1803 25637 0.00113919
1804 25638 0.00478785
1805 25641 0.0050253
1806 25642 0.0165125
1807 25644 -0.00188143
1808 25649 6.0768e-19
1809 25650 4.00032e-06
1810 25652 0.00277173
1811 25656 0.00782499
1812 25667 -0.00419416
1813 25669 0.00377908
1814 25670 0.00956004
1815 25673 0.0077818
1816 25674 0.0230344
1817 25676 -0.0036333
1818 25681 0.00993059
1819 25682 0.0207147
1820 25684 0.00555598
1821 25688 0.0216195
1822 25697 0.00114026
1823 25698 0.00478785
1824 25700 3.62953e-06
1825 25704 0.00251424
1826 25712 -0.00277173
1827 25731 -0.0189786
1828 25733 0.00777921
1829 25734 0.0230344
1830 25737 0.000165346
1831 25738 0.0382655
1832 25740 -0.0127254
1833 25745 0.0376217
1834 25746 0.0706222
1835 25748 0.0216195
1836 25752 0.0751784
1837 25761 0.00502788
1838 25762 0.0165165
1839 25764 0.00251531
1840 25768 0.0138733
1841 25776 -0.00782273
1842 25793 0.00691837
1843 25794 0.012248
1844 25796 0.00363437
1845 25800 0.012728
1846 25808 0.00207666
1847 25824 0.00188143
1848 26631 -0.0138983
1849 26635 -0.00112038
1850 26637 0.00264376
1851 26638 -4.82591e-19
1852 26643 -0.028999
1853 26645 0.039415
1854 26646 0.0616365
1855 26649 0.00502788
1856 26650 0.0143589
1857 26652 -0.0076646
1858 26659 -0.00915295
1859 26661 0.0146435
1860 26662 0.0207067
1861 26665 0.00186547
1862 26666 0.00430843
1863 26668 -0.00239725
1864 26673 0.00781884
1865 26674 0.00676994
1866 26676 0.0079978
1867 26680 0.00271366
1868 26691 -0.00961818
1869 26693 0.0169347
1870 26694 0.0230344
1871 26697 0.00215745
1872 26698 0.00489559
1873 26700 -0.00244485
1874 26705 0.0154826
1875 26706 0.0146512
1876 26708 0.0169459
1877 26712 0.00548075
1878 26721 0.00155308
1879 26722 0.00114026
1880 26724 0.00251424
1881 26728 0.000653585
1882 26736 4.37772e-05
1883 26755 -0.0269038
1884 26757 0.0580596
1885 26758 0.0665253
1886 26761 0.00777921
1887 26762 0.0124517
1888 26764 -0.00651712
1889 26769 0.0706025
1890 26770 0.0642109
1891 26772 0.0621223
1892 26776 0.0216195
1893 26785 0.0143589
1894 26786 0.0121152
1895 26788 0.0135551
1896 26792 0.00436924
1897 26800 -0.000169282
1898 26817 0.010466
1899 26818 0.0122034
1900 26820 0.00547032
1901 26824 0.00273262
1902 26832 -0.00291248
1903 26848 -0.000853846
1904 28679 0.0282696
1905 28683 0.0288952
1906 28685 -0.0251103
1907 28686 -0.0279446
1908 28691 0.00496965
1909 28693 -0.000865759
1910 28694 -9.66535e-20
1911 28697 0.00691837
1912 28698 0.010466
1913 28700 0.000348886
1914 28707 0.00725769
1915 28709 -0.0122034
1916 28710 -0.012244
1917 28713 -0.00264713
1918 28714 -0.000148446
1919 28716 0.000172812
1920 28721 -0.00164592
1921 28722 -0.00189951
1922 28724 0.000131248
1923 28728 0.00052214
1924 28739 0.000318172
1925 28741 -0.00218457
1926 28742 0.00419816
1927 28745 0.00112375
1928 28746 0.00962334
1929 28748 -0.00467356
1930 28753 0.00026234
1931 28754 0.00239845
1932 28756 6.59179e-05
1933 28760 0.00271366
1934 28769 -0.000853846
1935 28770 0.00188143
1936 28772 -0.00277173
1937 28776 4.37772e-05
1938 28784 -0.000649955
1939 28803 0.000730857
1940 28805 -0.0269038
1941 28806 -0.0138983
1942 28809 -0.0189786
1943 28810 -0.000314583
1944 28812 -0.0123252
1945 28817 -0.0020744
1946 28818 0.00291814
1947 28820 0.000169365
1948 28824 0.00782499
1949 28833 -0.0076646
1950 28834 -0.0020128
1951 28836 -0.00799864
1952 28840 -0.000518165
1953 28848 -0.00177869
1954 28865 0.000348886
1955 28866 0.000175921
1956 28868 0.00408947
1957 28872 0.00475212
1958 28880 0.000959822
1959 28896 0.00152309
1960 33543 0.00052214
1961 33547 0.000131248
1962 33549 0.000172812
1963 33550 0.000348886
1964 33555 -0.00189951
1965 33557 -0.000148446
1966 33558 0.010466
1967 33561 -0.012244
1968 33562 -5.1481e-19
1969 33564 -0.0279446
1970 33571 -0.00164592
1971 33573 -0.00264713
1972 33574 0.00691837
1973 33577 -0.0122034
1974 33578 -0.000865759
1975 33580 -0.0251103
1976 33585 0.00725769
1977 33586 0.00496965
1978 33588 0.0288952
1979 33592 0.0282696
1980 33603 -0.00177869
1981 33605 -0.000518165
1982 33606 0.00782499
1983 33609 -0.00799864
1984 33610 0.000169365
1985 33612 -0.0123252
1986 33617 -0.0020128
1987 33618 0.00291814
1988 33620 -0.000314583
1989 33624 -0.0138983
1990 33633 -0.0076646
1991 33634 -0.0020744
1992 33636 -0.0189786
1993 33640 -0.0269038
1994 33648 0.000730857
1995 33667 -0.000649955
1996 33669 4.37772e-05
1997 33670 0.00271366
1998 33673 -0.00277173
1999 33674 6.59179e-05
2000 33676 -0.00467356
2001 33681 0.00188143
2002 33682 0.00239845
2003 33684 0.00962334
2004 33688 0.00419816
2005 33697 -0.000853846
2006 33698 0.00026234
2007 33700 0.00112375
2008 33704 -0.00218457
2009 33712 0.000318172
2010 33729 0.00152309
2011 33730 0.000959822
2012 33732 0.00475212
2013 33736 0.00408947
2014 33744 0.000175921
2015 33760 0.000348886
2016 34055 0.00271366
2017 34059 0.0079978
2018 34061 -0.00239725
2019 34062 -0.0076646
2020 34067 0.00676994
2021 34069 0.00430843
2022 34070 0.0143589
2023 34073 0.0207067
2024 34074 0.0616365
2025 34076 2.04792e-19
2026 34083 0.00781884
2027 34085 0.00186547
2028 34086 0.00502788
2029 34089 0.0146435
2030 34090 0.039415
2031 34092 0.00264376
2032 34097 -0.00915295
2033 34098 -0.028999
2034 34100 -0.00112038
2035 34104 -0.0138983
2036 34115 -0.000169282
2037 34117 0.00436924
2038 34118 0.0216195
2039 34121 0.0135551
2040 34122 0.0621223
2041 34124 -0.00651712
2042 34129 0.0121152
2043 34130 0.0642109
2044 34132 0.0124517
2045 34136 0.0665253
2046 34145 0.0143589
2047 34146 0.0706025
2048 34148 0.00777921
2049 34152 0.0580596
2050 34160 -0.0269038
2051 34179 4.37772e-05
2052 34181 0.000653585
2053 34182 0.00548075
2054 34185 0.00251424
2055 34186 0.0169459
2056 34188 -0.00244485
2057 34193 0.00114026
2058 34194 0.0146512
2059 34196 0.00489559
2060 34200 0.0230344
2061 34209 0.00155308
2062 34210 0.0154826
2063 34212 0.00215745
2064 34216 0.0169347
2065 34224 -0.00961818
2066 34241 -0.000853846
2067 34242 -0.00291248
2068 34244 0.00273262
2069 34248 0.00547032
2070 34256 0.0122034
2071 34272 0.010466
2072 34311 4.37772e-05
2073 34315 -0.000169282
2074 34317 -0.00291248
2075 34318 -0.000853846
2076 34323 0.00781884
2077 34325 0.0154826
2078 34326 0.00155308
2079 34329 0.0706025
2080 34330 0.0143589
2081 34332 0.010466
2082 34339 0.00676994
2083 34341 0.0146512
2084 34342 0.00114026
2085 34345 0.0642109
2086 34346 0.0121152
2087 34348 0.0122034
2088 34353 -0.028999
2089 34354 -0.00915295
2090 34356 -0.00961818
2091 34360 -0.0269038
2092 34371 0.0079978
2093 34373 0.0169459
2094 34374 0.00251424
2095 34377 0.0621223
2096 34378 0.0135551
2097 34380 0.00547032
2098 34385 0.039415
2099 34386 0.0146435
2100 34388 0.0169347
2101 34392 0.0580596
2102 34401 0.0616365
2103 34402 0.0207067
2104 34404 0.0230344
2105 34408 0.0665253
2106 34416 -0.0138983
2107 34435 0.00271366
2108 34437 0.00548075
2109 34438 0.000653585
2110 34441 0.0216195
2111 34442 0.00436924
2112 34444 0.00273262
2113 34449 0.00502788
2114 34450 0.00186547
2115 34452 0.00215745
2116 34456 0.00777921
2117 34465 0.0143589
2118 34466 0.00430843
2119 34468 0.00489559
2120 34472 0.0124517
2121 34480 -0.00112038
2122 34497 -0.0076646
2123 34498 -0.00239725
2124 34500 -0.00244485
2125 34504 -0.00651712
2126 34512 0.00264376
2127 34528 4.09896e-19
2128 35079 0.00782499
2129 35083 0.00277173
2130 35085 -0.00188143
2131 35086 -0.0020744
2132 35091 4.00032e-06
2133 35093 0.0165125
2134 35094 0.0706025
2135 35097 0.00478785
2136 35098 0.0207067
2137 35100 -0.012244
2138 35107 -2.23136e-19
2139 35109 0.0050253
2140 35110 0.0376217
2141 35113 0.00113919
2142 35114 0.00992832
2143 35116 -0.00691837
2144 35121 5.75359e-11
2145 35122 9.85636e-06
2146 35124 0.0189786
2147 35128 0.00419816
2148 35139 -0.00782273
2149 35141 0.0138733
2150 35142 0.0751784
2151 35145 0.00251531
2152 35146 0.0216195
2153 35148 -0.0127254
2154 35153 0.0165165
2155 35154 0.0706222
2156 35156 0.0382655
2157 35160 0.0230344
2158 35169 0.00502788
2159 35170 0.0376217
2160 35172 0.000165346
2161 35176 0.00777921
2162 35184 -0.0189786
2163 35203 -0.00277173
2164 35205 0.00251424
2165 35206 0.0216195
2166 35209 3.62953e-06
2167 35210 0.00555598
2168 35212 -0.0036333
2169 35217 0.00478785
2170 35218 0.0207147
2171 35220 0.0230344
2172 35224 0.00956004
2173 35233 0.00114026
2174 35234 0.00993059
2175 35236 0.0077818
2176 35240 0.00377908
2177 35248 -0.00419416
2178 35265 0.00188143
2179 35266 0.00207666
2180 35268 0.012728
2181 35272 0.00363437
2182 35280 0.012248
2183 35296 0.00691837
2184 35335 -0.000518165
2185 35339 -6.59179e-05
2186 35341 0.00201591
2187 35342 0.00026234
2188 35347 -9.89832e-20
2189 35349 0.0565816
2190 35350 0.0154826
2191 35353 0.0165125
2192 35354 0.00430843
2193 35356 -0.000148446
2194 35363 -4.18459e-08
2195 35365 0.0394276
2196 35366 0.00993059
2197 35369 0.012116
2198 35370 0.00274602
2199 35372 0.000865717
2200 35377 1.28081e-05
2201 35378 2.82539e-06
2202 35380 0.000327142
2203 35384 -0.00218457
2204 35395 0.000518206
2205 35397 0.0505403
2206 35398 0.0138733
2207 35401 0.0169459
2208 35402 0.00436921
2209 35404 0.00155141
2210 35409 0.0565787
2211 35410 0.0154832
2212 35412 0.0581969
2213 35416 0.0169347
2214 35425 0.039415
2215 35426 0.00992832
2216 35428 0.0382655
2217 35432 0.0124517
2218 35440 -0.000314583
2219 35459 6.59179e-05
2220 35461 0.0169459
2221 35462 0.00436924
2222 35465 0.00555598
2223 35466 0.00130307
2224 35468 0.000812065
2225 35473 0.0165165
2226 35474 0.00430964
2227 35476 0.0169399
2228 35480 0.00377908
2229 35489 0.0121152
2230 35490 0.00274602
2231 35492 0.0124545
2232 35496 0.00305579
2233 35504 0.00218768
2234 35521 -0.0020128
2235 35522 -0.000261644
2236 35524 -0.00154804
2237 35528 -0.000811202
2238 35536 0.000148446
2239 35552 -0.000865759
2240 35847 0.00475212
2241 35851 0.00409031
2242 35853 -0.00190072
2243 35854 -0.00164592
2244 35859 0.00495793
2245 35861 -6.83854e-19
2246 35862 0.00781884
2247 35865 4.00032e-06
2248 35866 0.00676994
2249 35868 -0.00189951
2250 35875 0.00212053
2251 35877 -0.0078228
2252 35878 -1.53232e-18
2253 35881 -0.00676994
2254 35882 -4.18459e-08
2255 35884 -0.00164595
2256 35889 0.00493527
2257 35890 0.00212053
2258 35892 0.0047493
2259 35896 0.00408947
2260 35907 -0.0123127
2261 35909 -0.00154804
2262 35910 0.012728
2263 35913 -0.00546257
2264 35914 0.00652107
2265 35916 -0.0037089
2266 35921 1.28081e-05
2267 35922 0.0290328
2268 35924 0.00155141
2269 35928 0.00547032
2270 35937 -0.028999
2271 35938 9.85636e-06
2272 35940 -0.0127254
2273 35944 -0.00651712
2274 35952 -0.0123252
2275 35971 -0.00467356
2276 35973 -0.00244485
2277 35974 0.00273262
2278 35977 -0.0036333
2279 35978 0.000812065
2280 35980 -0.00129944
2281 35985 5.75359e-11
2282 35986 0.00916069
2283 35988 0.00244485
2284 35992 0.00363437
2285 36001 -0.00915295
2286 36002 2.82539e-06
2287 36004 -0.00273158
2288 36008 -0.000811202
2289 36016 -0.00467356
2290 36033 0.00725769
2291 36034 0.00496906
2292 36036 0.00428684
2293 36040 0.00308714
2294 36048 0.00726284
2295 36064 0.00496965
2296 37127 0.00691837
2297 37131 0.012248
2298 37133 -0.00419416
2299 37134 -0.0189786
2300 37139 0.00363437
2301 37141 0.00377908
2302 37142 0.00777921
2303 37145 0.00956004
2304 37146 0.0230344
2305 37148 0.00419816
2306 37155 0.012728
2307 37157 0.0077818
2308 37158 0.000165346
2309 37161 0.0230344
2310 37162 0.0382655
2311 37164 0.0189786
2312 37169 -0.0036333
2313 37170 -0.0127254
2314 37172 -0.00691837
2315 37176 -0.012244
2316 37187 0.00207666
2317 37189 0.00993059
2318 37190 0.0376217
2319 37193 0.0207147
2320 37194 0.0706222
2321 37196 9.85636e-06
2322 37201 0.00555598
2323 37202 0.0216195
2324 37204 0.00992832
2325 37208 0.0207067
2326 37217 0.0216195
2327 37218 0.0751784
2328 37220 0.0376217
2329 37224 0.0706025
2330 37232 -0.0020744
2331 37251 0.00188143
2332 37253 0.00114026
2333 37254 0.00502788
2334 37257 0.00478785
2335 37258 0.0165165
2336 37260 5.75359e-11
2337 37265 3.62953e-06
2338 37266 0.00251531
2339 37268 0.00113919
2340 37272 0.00478785
2341 37281 0.00251424
2342 37282 0.0138733
2343 37284 0.0050253
2344 37288 0.0165125
2345 37296 -0.00188143
2346 37313 -0.00277173
2347 37314 -0.00782273
2348 37316 -2.47297e-18
2349 37320 4.00032e-06
2350 37328 0.00277173
2351 37344 0.00782499
2352 37383 -0.00264713
2353 37387 1.06439e-19
2354 37389 0.0139239
2355 37390 0.00112375
2356 37395 0.00244485
2357 37397 0.0169399
2358 37398 0.00215745
2359 37401 0.0230344
2360 37402 0.00489559
2361 37404 0.00962334
2362 37411 0.00652107
2363 37413 0.0580934
2364 37414 0.0077818
2365 37417 0.066548
2366 37418 0.0124545
2367 37420 0.0269163
2368 37425 -0.00546257
2369 37426 -0.00273158
2370 37428 -0.0104666
2371 37432 -0.0122034
2372 37443 0.00766743
2373 37445 0.0394276
2374 37446 0.0050253
2375 37449 0.0616592
2376 37450 0.0143629
2377 37452 0.0290328
2378 37457 0.0169459
2379 37458 0.0054797
2380 37460 0.0154832
2381 37464 0.0146435
2382 37473 0.0621223
2383 37474 0.0216195
2384 37476 0.0706222
2385 37480 0.0642109
2386 37488 0.00291814
2387 37507 0.00239845
2388 37509 0.0146512
2389 37510 0.00186547
2390 37513 0.0207147
2391 37514 0.00430964
2392 37516 0.00916069
2393 37521 0.00251531
2394 37522 0.000653585
2395 37524 0.00155308
2396 37528 0.00113919
2397 37537 0.0135551
2398 37538 0.00436921
2399 37540 0.0143629
2400 37544 0.012116
2401 37552 0.000854708
2402 37569 -0.00799864
2403 37570 -0.00271363
2404 37572 -0.0078228
2405 37576 -0.00676994
2406 37584 -4.46401e-05
2407 37600 0.000169365
2408 37895 0.00112375
2409 37899 0.0139239
2410 37901 -6.4371e-20
2411 37902 -0.00264713
2412 37907 0.00916069
2413 37909 0.00430964
2414 37910 0.00186547
2415 37913 0.0207147
2416 37914 0.0146512
2417 37916 0.00239845
2418 37923 0.0290328
2419 37925 0.0143629
2420 37926 0.0050253
2421 37929 0.0616592
2422 37930 0.0394276
2423 37932 0.00766743
2424 37937 -0.00676994
2425 37938 -0.0078228
2426 37940 -0.00271363
2427 37944 -0.00799864
2428 37955 0.0269163
2429 37957 0.0124545
2430 37958 0.0077818
2431 37961 0.066548
2432 37962 0.0580934
2433 37964 0.00652107
2434 37969 0.012116
2435 37970 0.0143629
2436 37972 0.00436921
2437 37976 0.0135551
2438 37985 0.0642109
2439 37986 0.0706222
2440 37988 0.0216195
2441 37992 0.0621223
2442 38000 0.000169365
2443 38019 0.00962334
2444 38021 0.00489559
2445 38022 0.00215745
2446 38025 0.0230344
2447 38026 0.0169399
2448 38028 0.00244485
2449 38033 0.00113919
2450 38034 0.00155308
2451 38036 0.000653585
2452 38040 0.00251531
2453 38049 0.0146435
2454 38050 0.0154832
2455 38052 0.0054797
2456 38056 0.0169459
2457 38064 -4.46401e-05
2458 38081 -0.0122034
2459 38082 -0.0104666
2460 38084 -0.00273158
2461 38088 -0.00546257
2462 38096 0.000854708
2463 38112 0.00291814
2464 38919 -0.0189786
2465 38923 -0.00419416
2466 38925 0.012248
2467 38926 0.00691837
2468 38931 5.75359e-11
2469 38933 0.0165165
2470 38934 0.00502788
2471 38937 0.00478785
2472 38938 0.00114026
2473 38940 0.00188143
2474 38947 9.85636e-06
2475 38949 0.0706222
2476 38950 0.0376217
2477 38953 0.0207147
2478 38954 0.00993059
2479 38956 0.00207666
2480 38961 4.00032e-06
2481 38962 1.35261e-18
2482 38964 -0.00782273
2483 38968 -0.00277173
2484 38979 0.0189786
2485 38981 0.0382655
2486 38982 0.000165346
2487 38985 0.0230344
2488 38986 0.0077818
2489 38988 0.012728
2490 38993 0.0165125
2491 38994 0.0050253
2492 38996 0.0138733
2493 39000 0.00251424
2494 39009 0.0706025
2495 39010 0.0376217
2496 39012 0.0751784
2497 39016 0.0216195
2498 39024 0.00782499
2499 39043 0.00419816
2500 39045 0.0230344
2501 39046 0.00777921
2502 39049 0.00956004
2503 39050 0.00377908
2504 39052 0.00363437
2505 39057 0.00478785
2506 39058 0.00113919
2507 39060 0.00251531
2508 39064 3.62953e-06
2509 39073 0.0207067
2510 39074 0.00992832
2511 39076 0.0216195
2512 39080 0.00555598
2513 39088 0.00277173
2514 39105 -0.012244
2515 39106 -0.00691837
2516 39108 -0.0127254
2517 39112 -0.0036333
2518 39120 -0.00188143
2519 39136 -0.0020744
2520 41223 0.010466
2521 41227 0.0122034
2522 41229 -0.00961818
2523 41230 -0.0269038
2524 41235 0.00547032
2525 41237 0.0169347
2526 41238 0.0580596
2527 41241 0.0230344
2528 41242 0.0665253
2529 41244 -0.0138983
2530 41251 0.00273262
2531 41253 0.00215745
2532 41254 0.00777921
2533 41257 0.00489559
2534 41258 0.0124517
2535 41260 -0.00112038
2536 41265 -0.00244485
2537 41266 -0.00651712
2538 41268 0.00264376
2539 41272 1.02119e-19
2540 41283 -0.00291248
2541 41285 0.0154826
2542 41286 0.0706025
2543 41289 0.0146512
2544 41290 0.0642109
2545 41292 -0.028999
2546 41297 0.0169459
2547 41298 0.0621223
2548 41300 0.039415
2549 41304 0.0616365
2550 41313 0.00548075
2551 41314 0.0216195
2552 41316 0.00502788
2553 41320 0.0143589
2554 41328 -0.0076646
2555 41347 -0.000853846
2556 41349 0.00155308
2557 41350 0.0143589
2558 41353 0.00114026
2559 41354 0.0121152
2560 41356 -0.00915295
2561 41361 0.00251424
2562 41362 0.0135551
2563 41364 0.0146435
2564 41368 0.0207067
2565 41377 0.000653585
2566 41378 0.00436924
2567 41380 0.00186547
2568 41384 0.00430843
2569 41392 -0.00239725
2570 41409 4.37772e-05
2571 41410 -0.000169282
2572 41412 0.00781884
2573 41416 0.00676994
2574 41424 0.0079978
2575 41440 0.00271366
2576 41479 -0.000148446
2577 41483 0.000865717
2578 41485 0.000327142
2579 41486 -0.00218457
2580 41491 0.00155141
2581 41493 0.0581969
2582 41494 0.0169347
2583 41497 0.0382655
2584 41498 0.0124517
2585 41500 -0.000314583
2586 41507 0.000812065
2587 41509 0.0169399
2588 41510 0.00377908
2589 41513 0.0124545
2590 41514 0.00305579
2591 41516 0.00218768
2592 41521 -0.00154804
2593 41522 -0.000811202
2594 41524 0.000148446
2595 41528 -0.000865759
2596 41539 0.00201591
2597 41541 0.0565816
2598 41542 0.0165125
2599 41545 0.0394276
2600 41546 0.012116
2601 41548 1.28081e-05
2602 41553 0.0505403
2603 41554 0.0169459
2604 41556 0.0565787
2605 41560 0.039415
2606 41569 0.0169459
2607 41570 0.00555598
2608 41572 0.0165165
2609 41576 0.0121152
2610 41584 -0.0020128
2611 41603 0.00026234
2612 41605 0.0154826
2613 41606 0.00430843
2614 41609 0.00993059
2615 41610 0.00274602
2616 41612 2.82539e-06
2617 41617 0.0138733
2618 41618 0.00436921
2619 41620 0.0154832
2620 41624 0.00992832
2621 41633 0.00436924
2622 41634 0.00130307
2623 41636 0.00430964
2624 41640 0.00274602
2625 41648 -0.000261644
2626 41665 -0.000518165
2627 41666 -6.59179e-05
2628 41668 -4.62564e-19
2629 41672 -4.18459e-08
2630 41680 0.000518206
2631 41696 6.59179e-05
2632 41991 0.00962334
2633 41995 0.0269163
2634 41997 -0.0104666
2635 41998 -0.0122034
2636 42003 0.0290328
2637 42005 0.0154832
2638 42006 0.0146435
2639 42009 0.0706222
2640 42010 0.0642109
2641 42012 0.00291814
2642 42019 0.00916069
2643 42021 0.00155308
2644 42022 0.00113919
2645 42025 0.0143629
2646 42026 0.012116
2647 42028 0.000854708
2648 42033 -0.0078228
2649 42034 -0.00676994
2650 42036 -4.46401e-05
2651 42040 0.000169365
2652 42051 0.0139239
2653 42053 0.0169399
2654 42054 0.0230344
2655 42057 0.0580934
2656 42058 0.066548
2657 42060 -0.00546257
2658 42065 0.0394276
2659 42066 0.0616592
2660 42068 0.0169459
2661 42072 0.0621223
2662 42081 0.0146512
2663 42082 0.0207147
2664 42084 0.00251531
2665 42088 0.0135551
2666 42096 -0.00799864
2667 42115 0.00112375
2668 42117 0.00215745
2669 42118 0.00489559
2670 42121 0.0077818
2671 42122 0.0124545
2672 42124 -0.00273158
2673 42129 0.0050253
2674 42130 0.0143629
2675 42132 0.0054797
2676 42136 0.0216195
2677 42145 0.00186547
2678 42146 0.00430964
2679 42148 0.000653585
2680 42152 0.00436921
2681 42160 -0.00271363
2682 42177 -0.00264713
2683 42178 -2.53996e-19
2684 42180 0.00244485
2685 42184 0.00652107
2686 42192 0.00766743
2687 42208 0.00239845
2688 43015 -0.000314583
2689 43019 0.00218768
2690 43021 0.000148446
2691 43022 -0.000865759
2692 43027 1.28081e-05
2693 43029 0.0565787
2694 43030 0.039415
2695 43033 0.0165165
2696 43034 0.0121152
2697 43036 -0.0020128
2698 43043 2.82539e-06
2699 43045 0.0154832
2700 43046 0.00992832
2701 43049 0.00430964
2702 43050 0.00274602
2703 43052 -0.000261644
2704 43057 -1.10723e-19
2705 43058 -4.18459e-08
2706 43060 0.000518206
2707 43064 6.59179e-05
2708 43075 0.000327142
2709 43077 0.0581969
2710 43078 0.0382655
2711 43081 0.0169399
2712 43082 0.0124545
2713 43084 -0.00154804
2714 43089 0.0565816
2715 43090 0.0394276
2716 43092 0.0505403
2717 43096 0.0169459
2718 43105 0.0154826
2719 43106 0.00993059
2720 43108 0.0138733
2721 43112 0.00436924
2722 43120 -0.000518165
2723 43139 -0.00218457
2724 43141 0.0169347
2725 43142 0.0124517
2726 43145 0.00377908
2727 43146 0.00305579
2728 43148 -0.000811202
2729 43153 0.0165125
2730 43154 0.012116
2731 43156 0.0169459
2732 43160 0.00555598
2733 43169 0.00430843
2734 43170 0.00274602
2735 43172 0.00436921
2736 43176 0.00130307
2737 43184 -6.59179e-05
2738 43201 -0.000148446
2739 43202 0.000865717
2740 43204 0.00155141
2741 43208 0.000812065
2742 43216 0.00201591
2743 43232 0.00026234
2744 45063 0.0288952
2745 45067 0.0282725
2746 45069 -0.0279416
2747 45070 -0.0251103
2748 45075 0.00726284
2749 45077 0.000148446
2750 45078 0.00264376
2751 45081 0.012248
2752 45082 0.0122034
2753 45084 0.000175921
2754 45091 0.00496906
2755 45093 -0.0104666
2756 45094 -0.00691837
2757 45097 -5.43669e-19
2758 45098 0.000865717
2759 45100 0.000348844
2760 45105 -0.00190072
2761 45106 -0.00164595
2762 45108 0.000521445
2763 45112 0.000131248
2764 45123 0.000743415
2765 45125 0.000327142
2766 45126 0.0189786
2767 45129 0.0139239
2768 45130 0.0269163
2769 45132 -0.0123127
2770 45137 0.00201591
2771 45138 0.00766743
2772 45140 0.000518206
2773 45144 0.0079978
2774 45153 -0.00291248
2775 45154 0.00207666
2776 45156 -0.00782273
2777 45160 -0.000169282
2778 45168 -0.00177869
2779 45187 0.000318172
2780 45189 -0.00961818
2781 45190 -0.00112038
2782 45193 -0.00419416
2783 45194 0.00218768
2784 45196 -0.00467356
2785 45201 -0.00188143
2786 45202 0.000854708
2787 45204 -4.46401e-05
2788 45208 0.00277173
2789 45217 -0.00239725
2790 45218 -0.000261644
2791 45220 -0.00271363
2792 45224 -6.59179e-05
2793 45232 -0.000649955
2794 45249 0.000172812
2795 45250 0.000348844
2796 45252 0.0047493
2797 45256 0.00409031
2798 45264 0.00152309
2799 45280 0.000959822
2800 49415 0.000348886
2801 49419 0.000175921
2802 49421 0.000318172
2803 49422 0.000730857
2804 49427 0.00408947
2805 49429 -0.00218457
2806 49430 -0.0269038
2807 49433 0.00419816
2808 49434 -0.0138983
2809 49436 0.0282696
2810 49443 0.00475212
2811 49445 0.00112375
2812 49446 -0.0189786
2813 49449 0.00962334
2814 49450 -0.000314583
2815 49452 0.0288952
2816 49457 -0.00467356
2817 49458 -0.0123252
2818 49460 -0.0251103
2819 49464 -0.0279446
2820 49475 0.000959822
2821 49477 0.00026234
2822 49478 -0.0020744
2823 49481 0.00239845
2824 49482 0.00291814
2825 49484 0.00496965
2826 49489 6.59179e-05
2827 49490 0.000169365
2828 49492 -0.000865759
2829 49496 -1.84015e-20
2830 49505 0.00271366
2831 49506 0.00782499
2832 49508 0.00691837
2833 49512 0.010466
2834 49520 0.000348886
2835 49539 0.00152309
2836 49541 -0.000853846
2837 49542 -0.0076646
2838 49545 0.00188143
2839 49546 -0.0020128
2840 49548 0.00725769
2841 49553 -0.00277173
2842 49554 -0.00799864
2843 49556 -0.0122034
2844 49560 -0.012244
2845 49569 4.37772e-05
2846 49570 -0.000518165
2847 49572 -0.00264713
2848 49576 -0.000148446
2849 49584 0.000172812
2850 49601 -0.000649955
2851 49602 -0.00177869
2852 49604 -0.00164592
2853 49608 -0.00189951
2854 49616 0.000131248
2855 49632 0.00052214
2856 49671 0.000172812
2857 49675 0.000348844
2858 49677 0.000743415
2859 49678 0.000318172
2860 49683 0.0047493
2861 49685 0.000327142
2862 49686 -0.00961818
2863 49689 0.0189786
2864 49690 -0.00112038
2865 49692 0.0288952
2866 49699 0.00409031
2867 49701 0.0139239
2868 49702 -0.00419416
2869 49705 0.0269163
2870 49706 0.00218768
2871 49708 0.0282725
2872 49713 -0.0123127
2873 49714 -0.00467356
2874 49716 -0.0279416
2875 49720 -0.0251103
2876 49731 0.00152309
2877 49733 0.00201591
2878 49734 -0.00188143
2879 49737 0.00766743
2880 49738 0.000854708
2881 49740 0.00726284
2882 49745 0.000518206
2883 49746 -4.46401e-05
2884 49748 0.000148446
2885 49752 0.00264376
2886 49761 0.0079978
2887 49762 0.00277173
2888 49764 0.012248
2889 49768 0.0122034
2890 49776 0.000175921
2891 49795 0.000959822
2892 49797 -0.00291248
2893 49798 -0.00239725
2894 49801 0.00207666
2895 49802 -0.000261644
2896 49804 0.00496906
2897 49809 -0.00782273
2898 49810 -0.00271363
2899 49812 -0.0104666
2900 49816 -0.00691837
2901 49825 -0.000169282
2902 49826 -6.59179e-05
2903 49828 4.7647e-19
2904 49832 0.000865717
2905 49840 0.000348844
2906 49857 -0.00177869
2907 49858 -0.000649955
2908 49860 -0.00190072
2909 49864 -0.00164595
2910 49872 0.000521445
2911 49888 0.000131248
2912 50183 -0.00467356
2913 50187 -0.0123127
2914 50189 0.00496906
2915 50190 0.00725769
2916 50195 0.00212053
2917 50197 2.82539e-06
2918 50198 -0.00915295
2919 50201 9.85636e-06
2920 50202 -0.028999
2921 50204 0.00496965
2922 50211 0.00495793
2923 50213 0.00916069
2924 50214 5.75359e-11
2925 50217 0.0290328
2926 50218 1.28081e-05
2927 50220 0.00726284
2928 50225 0.00212053
2929 50226 0.00493527
2930 50228 -0.00467356
2931 50232 -0.0123252
2932 50243 0.00409031
2933 50245 0.000812065
2934 50246 -0.0036333
2935 50249 0.00652107
2936 50250 -0.00546257
2937 50252 0.00308714
2938 50257 -4.18459e-08
2939 50258 -0.00676994
2940 50260 -0.000811202
2941 50264 -0.00651712
2942 50273 0.00676994
2943 50274 4.00032e-06
2944 50276 0.00363437
2945 50280 0.00547032
2946 50288 0.00408947
2947 50307 0.00475212
2948 50309 0.00273262
2949 50310 -0.00244485
2950 50313 0.012728
2951 50314 -0.00154804
2952 50316 0.00428684
2953 50321 2.55415e-19
2954 50322 -0.0078228
2955 50324 -0.00273158
2956 50328 -0.0127254
2957 50337 0.00781884
2958 50338 -1.89078e-20
2959 50340 0.00244485
2960 50344 0.00155141
2961 50352 0.0047493
2962 50369 -0.00164592
2963 50370 -0.00190072
2964 50372 -0.00129944
2965 50376 -0.0037089
2966 50384 -0.00164595
2967 50400 -0.00189951
2968 51207 -0.0123252
2969 51211 -0.00467356
2970 51213 0.00726284
2971 51214 0.00496965
2972 51219 0.00493527
2973 51221 1.28081e-05
2974 51222 -0.028999
2975 51225 5.75359e-11
2976 51226 -0.00915295
2977 51228 0.00725769
2978 51235 0.00212053
2979 51237 0.0290328
2980 51238 9.85636e-06
2981 51241 0.00916069
2982 51242 2.82539e-06
2983 51244 0.00496906
2984 51249 0.00495793
2985 51250 0.00212053
2986 51252 -0.0123127
2987 51256 -0.00467356
2988 51267 0.0047493
2989 51269 0.00155141
2990 51270 -0.0127254
2991 51273 0.00244485
2992 51274 -0.00273158
2993 51276 0.00428684
2994 51281 7.05632e-19
2995 51282 -0.0078228
2996 51284 -0.00154804
2997 51288 -0.00244485
2998 51297 0.00781884
2999 51298 6.57826e-19
3000 51300 0.012728
3001 51304 0.00273262
3002 51312 0.00475212
3003 51331 0.00408947
3004 51333 0.00547032
3005 51334 -0.00651712
3006 51337 0.00363437
3007 51338 -0.000811202
3008 51340 0.00308714
3009 51345 4.00032e-06
3010 51346 -0.00676994
3011 51348 -0.00546257
3012 51352 -0.0036333
3013 51361 0.00676994
3014 51362 -4.18459e-08
3015 51364 0.00652107
3016 51368 0.000812065
3017 51376 0.00409031
3018 51393 -0.00189951
3019 51394 -0.00164595
3020 51396 -0.0037089
3021 51400 -0.00129944
3022 51408 -0.00190072
3023 51424 -0.00164592
3024 53255 -0.0251103
3025 53259 -0.0279416
3026 53261 0.0282725
3027 53262 0.0288952
3028 53267 -0.00467356
3029 53269 0.00218768
3030 53270 -0.00112038
3031 53273 -0.00419416
3032 53274 -0.00961818
3033 53276 0.000318172
3034 53283 -0.0123127
3035 53285 0.0269163
3036 53286 0.0189786
3037 53289 0.0139239
3038 53290 0.000327142
3039 53292 0.000743415
3040 53297 0.00409031
3041 53298 0.0047493
3042 53300 0.000348844
3043 53304 0.000172812
3044 53315 0.000348844
3045 53317 0.000865717
3046 53318 -0.00691837
3047 53321 -1.90604e-19
3048 53322 -0.0104666
3049 53324 0.00496906
3050 53329 -6.59179e-05
3051 53330 -0.00271363
3052 53332 -0.000261644
3053 53336 -0.00239725
3054 53345 -0.000169282
3055 53346 -0.00782273
3056 53348 0.00207666
3057 53352 -0.00291248
3058 53360 0.000959822
3059 53379 0.000175921
3060 53381 0.0122034
3061 53382 0.00264376
3062 53385 0.012248
3063 53386 0.000148446
3064 53388 0.00726284
3065 53393 0.00277173
3066 53394 -4.46401e-05
3067 53396 0.000854708
3068 53400 -0.00188143
3069 53409 0.0079978
3070 53410 0.000518206
3071 53412 0.00766743
3072 53416 0.00201591
3073 53424 0.00152309
3074 53441 0.000131248
3075 53442 0.000521445
3076 53444 -0.00164595
3077 53448 -0.00190072
3078 53456 -0.000649955
3079 53472 -0.00177869
3080 57351 -0.0279446
3081 57355 -0.0251103
3082 57357 0.0288952
3083 57358 0.0282696
3084 57363 -0.0123252
3085 57365 -0.000314583
3086 57366 -0.0138983
3087 57369 -0.0189786
3088 57370 -0.0269038
3089 57372 0.000730857
3090 57379 -0.00467356
3091 57381 0.00962334
3092 57382 0.00419816
3093 57385 0.00112375
3094 57386 -0.00218457
3095 57388 0.000318172
3096 57393 0.00475212
3097 57394 0.00408947
3098 57396 0.000175921
3099 57400 0.000348886
3100 57411 0.000172812
3101 57413 -0.000148446
3102 57414 -0.012244
3103 57417 -0.00264713
3104 57418 -0.0122034
3105 57420 0.00725769
3106 57425 -0.000518165
3107 57426 -0.00799864
3108 57428 -0.0020128
3109 57432 -0.0076646
3110 57441 4.37772e-05
3111 57442 -0.00277173
3112 57444 0.00188143
3113 57448 -0.000853846
3114 57456 0.00152309
3115 57475 0.000348886
3116 57477 0.010466
3117 57478 5.13534e-19
3118 57481 0.00691837
3119 57482 -0.000865759
3120 57484 0.00496965
3121 57489 0.00782499
3122 57490 0.000169365
3123 57492 0.00291814
3124 57496 -0.0020744
3125 57505 0.00271366
3126 57506 6.59179e-05
3127 57508 0.00239845
3128 57512 0.00026234
3129 57520 0.000959822
3130 57537 0.00052214
3131 57538 0.000131248
3132 57540 -0.00189951
3133 57544 -0.00164592
3134 57552 -0.00177869
3135 57568 -0.000649955
